image_width: 1440
image_height: 1080
camera_name: narrow_stereo
camera_matrix:
  rows: 3
  cols: 3
  data: [3634.42333,    0.     ,  700.02352,
            0.     , 3618.60546,  492.50096,
            0.     ,    0.     ,    1.     ]
distortion_model: plumb_bob
distortion_coefficients:
  rows: 1
  cols: 5
  data: [-0.014158, 0.280647, -0.000796, -0.001959, 0.000000]
rectification_matrix:
  rows: 3
  cols: 3
  data: [1., 0., 0.,
         0., 1., 0.,
         0., 0., 1.]
projection_matrix:
  rows: 3
  cols: 4
  data: [3632.87964,    0.     ,  698.59986,    0.     ,
            0.     , 3618.32983,  491.78857,    0.     ,
            0.     ,    0.     ,    1.     ,    0.     ]
